0 337.51 28.32 854.74 495.75 865.58 2100.84 1452.16 2346.6 359.15 2697.47 2461.46 514.79 729.61 809.06
337.51 0 360.41 914.0 360.97 1122.59 1858.78 1217.49 2176.23 673.29 2847.95 2448.44 759.25 417.12 928.76
28.32 360.41 0 872.55 523.7 837.69 2129.1 1480.42 2373.42 331.1 2704.4 2480.98 487.93 756.13 822.48
854.74 914.0 872.55 0 591.54 1605.29 1653.78 1084.4 1691.51 1082.35 1948.93 1611.84 1313.79 942.52 162.93
495.75 360.97 523.7 591.54 0 1361.32 1608.36 960.16 1859.29 845.73 2540.47 2087.71 1007.71 391.11 647.53
865.58 1122.59 837.69 1605.29 1361.32 0 2962.83 2314.62 3204.12 533.65 3139.87 3193.95 363.46 1538.66 1499.03
2100.84 1858.78 2129.1 1653.78 1608.36 2962.83 0 648.68 627.12 2454.08 2836.55 1678.01 2602.59 1467.13 1816.64
1452.16 1217.49 1480.42 1084.4 960.16 2314.62 648.68 0 1015.73 1805.74 2629.2 1700.93 1955.06 843.55 1242.43
2346.6 2176.23 2373.42 1691.51 1859.29 3204.12 627.12 1015.73 0 2672.72 2389.71 1136.33 2861.34 1842.51 1845.31
359.15 673.29 331.1 1082.35 845.73 533.65 2454.08 1805.74 2672.72 0 2758.36 2686.17 245.7 1082.31 989.72
2697.47 2847.95 2704.4 1948.93 2540.47 3139.87 2836.55 2629.2 2389.71 2758.36 0 1298.7 2998.96 2873.55 1919.63
2461.46 2448.44 2480.98 1611.84 2087.71 3193.95 1678.01 1700.93 1136.33 2686.17 1298.7 0 2922.86 2279.63 1697.37
514.79 759.25 487.93 1313.79 1007.71 363.46 2602.59 1955.06 2861.34 245.7 2998.96 2922.86 0 1175.64 1229.37
729.61 417.12 756.13 942.52 391.11 1538.66 1467.13 843.55 1842.51 1082.31 2873.55 2279.63 1175.64 0 1024.76
809.06 928.76 822.48 162.93 647.53 1499.03 1816.64 1242.43 1845.31 989.72 1919.63 1697.37 1229.37 1024.76 0
